11111101 11111, 27
11111111111111111111111
1111111111111· 0111111111ε1111111111
11111111111111111 111111 11111 111111
· 11111.. 1111111111 ,11111111 ..111-
1111 11111111111,11 1111111111 111 ’1111111 -
11111111,111111111111111111111111111
11111111111,1111111111111111111111
11111111111111 1111

011111111111111111111111111111
[1111111111 1111111111,11111111111111111,11
11111111,11·1111[ 11111111 justu ⁵
111111111111111111111111111111,111
y 1111111111 1111111111,1111111111111
1111111111 .
0111111111 1111111111 1111111111111
1111111111111, 111111 11111111111111111
,11111111 11111111 3111111111,1111111111

V “ [1111111111111111111111111111

‘ 11111111111111111111 nistrare: 1111111 ‘
d5 111 ,„

 

