Exti 5.5p 00 5555.ss 37
3[0035 5οἶ000003000003 00[0[ 0000060
’ [0[00003 [0[ 555 30030000 000 ,3[[00
[0[0000000 00000000 000000 Ι’0[0 00[03[0“
, 0000000 [000[0[003[’00 0300000000 555
[300300 3 5555] [0[000 0000300 [000 0555
3 [00000 0[0000000 00000 30000000[0[
00000000[0[ 0000 00300 .Υ[00000’00 0000000-
00000000[ [[0[0000 00000000 0 3000000 0[0 ¹
55 3000 000[003 00[[0[ 0, 0 3000000 000[0,
0000030000 000000000000 000 [[00οε0, .
[[0[ 0000 [300 [0 000000 dello [000 [0 0000 r
ἢ [00 p5ffi5d05. Υ[000000’0[[0 000[0[[[0’
Ι[0000000000300000[[οι zondestzngre
0003 [000 0[0 en 000[[00 300000 0[0 000
0[00, [ remed [0000000030οᾸ0300
003030[0 ,,00[00 00 55 300 05 0[0000000
< [0[οΗ [[[0000 [0[ [00000 ,3 puesto 000[
τ 0000003 55550 en 0000000000[0[0 00 30
300000[00[ 03000000 inferiores 0[[00000 ,

33030

 

