Metnoaus

3333ss3 333333333 444 44444 4444 444 4
4444444 3 4 3333 4444 [4,444 ι
’ 44444444 4444444444 44,4 [44444444
4444 33333333333 444. 444 ,4444444 333 3s
444, 33333333333330333333 3333 44 4
4444444444 4444 3333,- 4444 444444
33333333333333 4444 44 444444 44 333
333333333333 fimgsreo 3333 3333 4444
’ 4444444444ἰρ 44444 444444 33 444444, „
333333333333 &333333 44444444-
· 4444444 4444 3333333333373333033333
33333 3333333333ffi3 4444444444-
ficae stt, 333333333 3333! 44 444444,

44444444 4444444444 333⁰ 44444444
444444ἷῖ444 33 333 33330333333 44444-
44444 3333 333333'333333 3333, 44444444-
3333'333' 44 33333 44 4444 3 333 3 333 ,3333-
4444444444 44444 4444444444, 4444444Δ

κ4444.ὂ

3

 

